52.251437863945064, 21.209061265659898;25;100;4
52.251437863945064, 21.209061265659898;25;100;4
52.251437863945064, 21.209061265659898;25;100;4
52.251437863945064, 21.209061265659898;25;100;4
52.251437863945064, 21.209061265659898;25;100;4
52.251437863945064, 21.209061265659898;25;100;4
52.251437863945064, 21.209061265659898;25;100;4
52.251437863945064, 21.209061265659898;25;100;4
52.251437863945064, 21.209061265659898;25;100;4
52.251437863945064, 21.209061265659898;25;100;4
52.251437863945064, 21.209061265659898;25;100;4
52.251437863945064, 21.209061265659898;25;100;4
52.251437863945064, 21.209061265659898;25;100;4
52.251437863945064, 21.209061265659898;25;100;4
52.251437863945064, 21.209061265659898;25;100;4
52.251437863945064, 21.209061265659898;25;100;4
52.251437863945064, 21.209061265659898;25;100;4
52.251437863945064, 21.209061265659898;25;100;4
52.251437863945064, 21.209061265659898;25;100;4
52.251437863945064, 21.209061265659898;25;100;4
52.251437863945064, 21.209061265659898;25;100;4
52.251437863945064, 21.209061265659898;25;100;4
52.251437863945064, 21.209061265659898;25;100;4
52.251437863945064, 21.209061265659898;25;100;4
52.251437863945064, 21.209061265659898;25;100;4
52.251437863945064, 21.209061265659898;25;100;4
52.251437863945064, 21.209061265659898;25;100;4
52.251437863945064, 21.209061265659898;25;100;4
52.251437863945064, 21.209061265659898;25;100;4
52.251437863945064, 21.209061265659898;25;100;4
52.251437863945064, 21.209061265659898;25;100;4
52.251437863945064, 21.209061265659898;25;100;4